page,row,col,char,rows,cols,direction
1,1,1,一,12,12,LTR
1,1,2,一,12,12,LTR
1,1,3,一,12,12,LTR
1,1,4,万,12,12,LTR
1,1,5,万,12,12,LTR
1,1,6,万,12,12,LTR
1,1,7,三,12,12,LTR
1,1,8,三,12,12,LTR
1,1,9,三,12,12,LTR
1,1,10,上,12,12,LTR
1,1,11,上,12,12,LTR
1,1,12,上,12,12,LTR
1,2,1,不,12,12,LTR
1,2,2,不,12,12,LTR
1,2,3,不,12,12,LTR
1,2,4,与,12,12,LTR
1,2,5,与,12,12,LTR
1,2,6,与,12,12,LTR
1,2,7,专,12,12,LTR
1,2,8,专,12,12,LTR
1,2,9,专,12,12,LTR
1,2,10,业,12,12,LTR
1,2,11,业,12,12,LTR
1,2,12,业,12,12,LTR
1,3,1,东,12,12,LTR
1,3,2,东,12,12,LTR
1,3,3,东,12,12,LTR
1,3,4,丝,12,12,LTR
1,3,5,丝,12,12,LTR
1,3,6,丝,12,12,LTR
1,3,7,两,12,12,LTR
1,3,8,两,12,12,LTR
1,3,9,两,12,12,LTR
1,3,10,个,12,12,LTR
1,3,11,个,12,12,LTR
1,3,12,个,12,12,LTR
1,4,1,中,12,12,LTR
1,4,2,中,12,12,LTR
1,4,3,中,12,12,LTR
1,4,4,丰,12,12,LTR
1,4,5,丰,12,12,LTR
1,4,6,丰,12,12,LTR
1,4,7,串,12,12,LTR
1,4,8,串,12,12,LTR
1,4,9,串,12,12,LTR
1,4,10,为,12,12,LTR
1,4,11,为,12,12,LTR
1,4,12,为,12,12,LTR
1,5,1,主,12,12,LTR
1,5,2,主,12,12,LTR
1,5,3,主,12,12,LTR
1,5,4,丽,12,12,LTR
1,5,5,丽,12,12,LTR
1,5,6,丽,12,12,LTR
1,5,7,之,12,12,LTR
1,5,8,之,12,12,LTR
1,5,9,之,12,12,LTR
1,5,10,九,12,12,LTR
1,5,11,九,12,12,LTR
1,5,12,九,12,12,LTR
1,6,1,书,12,12,LTR
1,6,2,书,12,12,LTR
1,6,3,书,12,12,LTR
1,6,4,买,12,12,LTR
1,6,5,买,12,12,LTR
1,6,6,买,12,12,LTR
1,6,7,乾,12,12,LTR
1,6,8,乾,12,12,LTR
1,6,9,乾,12,12,LTR
1,6,10,二,12,12,LTR
1,6,11,二,12,12,LTR
1,6,12,二,12,12,LTR
1,7,1,云,12,12,LTR
1,7,2,云,12,12,LTR
1,7,3,云,12,12,LTR
1,7,4,互,12,12,LTR
1,7,5,互,12,12,LTR
1,7,6,互,12,12,LTR
1,7,7,五,12,12,LTR
1,7,8,五,12,12,LTR
1,7,9,五,12,12,LTR
1,7,10,亚,12,12,LTR
1,7,11,亚,12,12,LTR
1,7,12,亚,12,12,LTR
1,8,1,交,12,12,LTR
1,8,2,交,12,12,LTR
1,8,3,交,12,12,LTR
1,8,4,亨,12,12,LTR
1,8,5,亨,12,12,LTR
1,8,6,亨,12,12,LTR
1,8,7,京,12,12,LTR
1,8,8,京,12,12,LTR
1,8,9,京,12,12,LTR
1,8,10,亿,12,12,LTR
1,8,11,亿,12,12,LTR
1,8,12,亿,12,12,LTR
1,9,1,介,12,12,LTR
1,9,2,介,12,12,LTR
1,9,3,介,12,12,LTR
1,9,4,从,12,12,LTR
1,9,5,从,12,12,LTR
1,9,6,从,12,12,LTR
1,9,7,仑,12,12,LTR
1,9,8,仑,12,12,LTR
1,9,9,仑,12,12,LTR
1,9,10,他,12,12,LTR
1,9,11,他,12,12,LTR
1,9,12,他,12,12,LTR
1,10,1,件,12,12,LTR
1,10,2,件,12,12,LTR
1,10,3,件,12,12,LTR
1,10,4,任,12,12,LTR
1,10,5,任,12,12,LTR
1,10,6,任,12,12,LTR
1,10,7,份,12,12,LTR
1,10,8,份,12,12,LTR
1,10,9,份,12,12,LTR
1,10,10,企,12,12,LTR
1,10,11,企,12,12,LTR
1,10,12,企,12,12,LTR
1,11,1,优,12,12,LTR
1,11,2,优,12,12,LTR
1,11,3,优,12,12,LTR
1,11,4,伟,12,12,LTR
1,11,5,伟,12,12,LTR
1,11,6,伟,12,12,LTR
1,11,7,传,12,12,LTR
1,11,8,传,12,12,LTR
1,11,9,传,12,12,LTR
1,11,10,位,12,12,LTR
1,11,11,位,12,12,LTR
1,11,12,位,12,12,LTR
1,12,1,体,12,12,LTR
1,12,2,体,12,12,LTR
1,12,3,体,12,12,LTR
1,12,4,何,12,12,LTR
1,12,5,何,12,12,LTR
1,12,6,何,12,12,LTR
1,12,7,佛,12,12,LTR
1,12,8,佛,12,12,LTR
1,12,9,佛,12,12,LTR
1,12,10,作,12,12,LTR
1,12,11,作,12,12,LTR
1,12,12,作,12,12,LTR
2,1,1,佳,12,12,LTR
2,1,2,佳,12,12,LTR
2,1,3,佳,12,12,LTR
2,1,4,使,12,12,LTR
2,1,5,使,12,12,LTR
2,1,6,使,12,12,LTR
2,1,7,供,12,12,LTR
2,1,8,供,12,12,LTR
2,1,9,供,12,12,LTR
2,1,10,侧,12,12,LTR
2,1,11,侧,12,12,LTR
2,1,12,侧,12,12,LTR
2,2,1,保,12,12,LTR
2,2,2,保,12,12,LTR
2,2,3,保,12,12,LTR
2,2,4,信,12,12,LTR
2,2,5,信,12,12,LTR
2,2,6,信,12,12,LTR
2,2,7,修,12,12,LTR
2,2,8,修,12,12,LTR
2,2,9,修,12,12,LTR
2,2,10,倾,12,12,LTR
2,2,11,倾,12,12,LTR
2,2,12,倾,12,12,LTR
2,3,1,储,12,12,LTR
2,3,2,储,12,12,LTR
2,3,3,储,12,12,LTR
2,3,4,元,12,12,LTR
2,3,5,元,12,12,LTR
2,3,6,元,12,12,LTR
2,3,7,充,12,12,LTR
2,3,8,充,12,12,LTR
2,3,9,充,12,12,LTR
2,3,10,兆,12,12,LTR
2,3,11,兆,12,12,LTR
2,3,12,兆,12,12,LTR
2,4,1,光,12,12,LTR
2,4,2,光,12,12,LTR
2,4,3,光,12,12,LTR
2,4,4,克,12,12,LTR
2,4,5,克,12,12,LTR
2,4,6,克,12,12,LTR
2,4,7,免,12,12,LTR
2,4,8,免,12,12,LTR
2,4,9,免,12,12,LTR
2,4,10,入,12,12,LTR
2,4,11,入,12,12,LTR
2,4,12,入,12,12,LTR
2,5,1,公,12,12,LTR
2,5,2,公,12,12,LTR
2,5,3,公,12,12,LTR
2,5,4,六,12,12,LTR
2,5,5,六,12,12,LTR
2,5,6,六,12,12,LTR
2,5,7,兰,12,12,LTR
2,5,8,兰,12,12,LTR
2,5,9,兰,12,12,LTR
2,5,10,共,12,12,LTR
2,5,11,共,12,12,LTR
2,5,12,共,12,12,LTR
2,6,1,关,12,12,LTR
2,6,2,关,12,12,LTR
2,6,3,关,12,12,LTR
2,6,4,兴,12,12,LTR
2,6,5,兴,12,12,LTR
2,6,6,兴,12,12,LTR
2,6,7,其,12,12,LTR
2,6,8,其,12,12,LTR
2,6,9,其,12,12,LTR
2,6,10,具,12,12,LTR
2,6,11,具,12,12,LTR
2,6,12,具,12,12,LTR
2,7,1,内,12,12,LTR
2,7,2,内,12,12,LTR
2,7,3,内,12,12,LTR
2,7,4,冠,12,12,LTR
2,7,5,冠,12,12,LTR
2,7,6,冠,12,12,LTR
2,7,7,冲,12,12,LTR
2,7,8,冲,12,12,LTR
2,7,9,冲,12,12,LTR
2,7,10,冷,12,12,LTR
2,7,11,冷,12,12,LTR
2,7,12,冷,12,12,LTR
2,8,1,凌,12,12,LTR
2,8,2,凌,12,12,LTR
2,8,3,凌,12,12,LTR
2,8,4,凡,12,12,LTR
2,8,5,凡,12,12,LTR
2,8,6,凡,12,12,LTR
2,8,7,凯,12,12,LTR
2,8,8,凯,12,12,LTR
2,8,9,凯,12,12,LTR
2,8,10,出,12,12,LTR
2,8,11,出,12,12,LTR
2,8,12,出,12,12,LTR
2,9,1,击,12,12,LTR
2,9,2,击,12,12,LTR
2,9,3,击,12,12,LTR
2,9,4,分,12,12,LTR
2,9,5,分,12,12,LTR
2,9,6,分,12,12,LTR
2,9,7,切,12,12,LTR
2,9,8,切,12,12,LTR
2,9,9,切,12,12,LTR
2,9,10,列,12,12,LTR
2,9,11,列,12,12,LTR
2,9,12,列,12,12,LTR
2,10,1,刚,12,12,LTR
2,10,2,刚,12,12,LTR
2,10,3,刚,12,12,LTR
2,10,4,创,12,12,LTR
2,10,5,创,12,12,LTR
2,10,6,创,12,12,LTR
2,10,7,利,12,12,LTR
2,10,8,利,12,12,LTR
2,10,9,利,12,12,LTR
2,10,10,到,12,12,LTR
2,10,11,到,12,12,LTR
2,10,12,到,12,12,LTR
2,11,1,制,12,12,LTR
2,11,2,制,12,12,LTR
2,11,3,制,12,12,LTR
2,11,4,副,12,12,LTR
2,11,5,副,12,12,LTR
2,11,6,副,12,12,LTR
2,11,7,力,12,12,LTR
2,11,8,力,12,12,LTR
2,11,9,力,12,12,LTR
2,11,10,功,12,12,LTR
2,11,11,功,12,12,LTR
2,11,12,功,12,12,LTR
2,12,1,加,12,12,LTR
2,12,2,加,12,12,LTR
2,12,3,加,12,12,LTR
2,12,4,务,12,12,LTR
2,12,5,务,12,12,LTR
2,12,6,务,12,12,LTR
2,12,7,动,12,12,LTR
2,12,8,动,12,12,LTR
2,12,9,动,12,12,LTR
2,12,10,助,12,12,LTR
2,12,11,助,12,12,LTR
2,12,12,助,12,12,LTR
3,1,1,勤,12,12,LTR
3,1,2,勤,12,12,LTR
3,1,3,勤,12,12,LTR
3,1,4,包,12,12,LTR
3,1,5,包,12,12,LTR
3,1,6,包,12,12,LTR
3,1,7,化,12,12,LTR
3,1,8,化,12,12,LTR
3,1,9,化,12,12,LTR
3,1,10,北,12,12,LTR
3,1,11,北,12,12,LTR
3,1,12,北,12,12,LTR
3,2,1,区,12,12,LTR
3,2,2,区,12,12,LTR
3,2,3,区,12,12,LTR
3,2,4,十,12,12,LTR
3,2,5,十,12,12,LTR
3,2,6,十,12,12,LTR
3,2,7,千,12,12,LTR
3,2,8,千,12,12,LTR
3,2,9,千,12,12,LTR
3,2,10,升,12,12,LTR
3,2,11,升,12,12,LTR
3,2,12,升,12,12,LTR
3,3,1,半,12,12,LTR
3,3,2,半,12,12,LTR
3,3,3,半,12,12,LTR
3,3,4,华,12,12,LTR
3,3,5,华,12,12,LTR
3,3,6,华,12,12,LTR
3,3,7,卓,12,12,LTR
3,3,8,卓,12,12,LTR
3,3,9,卓,12,12,LTR
3,3,10,单,12,12,LTR
3,3,11,单,12,12,LTR
3,3,12,单,12,12,LTR
3,4,1,南,12,12,LTR
3,4,2,南,12,12,LTR
3,4,3,南,12,12,LTR
3,4,4,博,12,12,LTR
3,4,5,博,12,12,LTR
3,4,6,博,12,12,LTR
3,4,7,卡,12,12,LTR
3,4,8,卡,12,12,LTR
3,4,9,卡,12,12,LTR
3,4,10,卧,12,12,LTR
3,4,11,卧,12,12,LTR
3,4,12,卧,12,12,LTR
3,5,1,危,12,12,LTR
3,5,2,危,12,12,LTR
3,5,3,危,12,12,LTR
3,5,4,卷,12,12,LTR
3,5,5,卷,12,12,LTR
3,5,6,卷,12,12,LTR
3,5,7,厂,12,12,LTR
3,5,8,厂,12,12,LTR
3,5,9,厂,12,12,LTR
3,5,10,压,12,12,LTR
3,5,11,压,12,12,LTR
3,5,12,压,12,12,LTR
3,6,1,厘,12,12,LTR
3,6,2,厘,12,12,LTR
3,6,3,厘,12,12,LTR
3,6,4,厚,12,12,LTR
3,6,5,厚,12,12,LTR
3,6,6,厚,12,12,LTR
3,6,7,原,12,12,LTR
3,6,8,原,12,12,LTR
3,6,9,原,12,12,LTR
3,6,10,厦,12,12,LTR
3,6,11,厦,12,12,LTR
3,6,12,厦,12,12,LTR
3,7,1,叉,12,12,LTR
3,7,2,叉,12,12,LTR
3,7,3,叉,12,12,LTR
3,7,4,友,12,12,LTR
3,7,5,友,12,12,LTR
3,7,6,友,12,12,LTR
3,7,7,双,12,12,LTR
3,7,8,双,12,12,LTR
3,7,9,双,12,12,LTR
3,7,10,反,12,12,LTR
3,7,11,反,12,12,LTR
3,7,12,反,12,12,LTR
3,8,1,发,12,12,LTR
3,8,2,发,12,12,LTR
3,8,3,发,12,12,LTR
3,8,4,变,12,12,LTR
3,8,5,变,12,12,LTR
3,8,6,变,12,12,LTR
3,8,7,口,12,12,LTR
3,8,8,口,12,12,LTR
3,8,9,口,12,12,LTR
3,8,10,叭,12,12,LTR
3,8,11,叭,12,12,LTR
3,8,12,叭,12,12,LTR
3,9,1,可,12,12,LTR
3,9,2,可,12,12,LTR
3,9,3,可,12,12,LTR
3,9,4,台,12,12,LTR
3,9,5,台,12,12,LTR
3,9,6,台,12,12,LTR
3,9,7,号,12,12,LTR
3,9,8,号,12,12,LTR
3,9,9,号,12,12,LTR
3,9,10,司,12,12,LTR
3,9,11,司,12,12,LTR
3,9,12,司,12,12,LTR
3,10,1,合,12,12,LTR
3,10,2,合,12,12,LTR
3,10,3,合,12,12,LTR
3,10,4,吉,12,12,LTR
3,10,5,吉,12,12,LTR
3,10,6,吉,12,12,LTR
3,10,7,同,12,12,LTR
3,10,8,同,12,12,LTR
3,10,9,同,12,12,LTR
3,10,10,向,12,12,LTR
3,10,11,向,12,12,LTR
3,10,12,向,12,12,LTR
3,11,1,君,12,12,LTR
3,11,2,君,12,12,LTR
3,11,3,君,12,12,LTR
3,11,4,含,12,12,LTR
3,11,5,含,12,12,LTR
3,11,6,含,12,12,LTR
3,11,7,启,12,12,LTR
3,11,8,启,12,12,LTR
3,11,9,启,12,12,LTR
3,11,10,告,12,12,LTR
3,11,11,告,12,12,LTR
3,11,12,告,12,12,LTR
3,12,1,和,12,12,LTR
3,12,2,和,12,12,LTR
3,12,3,和,12,12,LTR
3,12,4,品,12,12,LTR
3,12,5,品,12,12,LTR
3,12,6,品,12,12,LTR
3,12,7,哑,12,12,LTR
3,12,8,哑,12,12,LTR
3,12,9,哑,12,12,LTR
3,12,10,售,12,12,LTR
3,12,11,售,12,12,LTR
3,12,12,售,12,12,LTR
4,1,1,商,12,12,LTR
4,1,2,商,12,12,LTR
4,1,3,商,12,12,LTR
4,1,4,喇,12,12,LTR
4,1,5,喇,12,12,LTR
4,1,6,喇,12,12,LTR
4,1,7,喷,12,12,LTR
4,1,8,喷,12,12,LTR
4,1,9,喷,12,12,LTR
4,1,10,器,12,12,LTR
4,1,11,器,12,12,LTR
4,1,12,器,12,12,LTR
4,2,1,四,12,12,LTR
4,2,2,四,12,12,LTR
4,2,3,四,12,12,LTR
4,2,4,团,12,12,LTR
4,2,5,团,12,12,LTR
4,2,6,团,12,12,LTR
4,2,7,固,12,12,LTR
4,2,8,固,12,12,LTR
4,2,9,固,12,12,LTR
4,2,10,国,12,12,LTR
4,2,11,国,12,12,LTR
4,2,12,国,12,12,LTR
4,3,1,圆,12,12,LTR
4,3,2,圆,12,12,LTR
4,3,3,圆,12,12,LTR
4,3,4,圈,12,12,LTR
4,3,5,圈,12,12,LTR
4,3,6,圈,12,12,LTR
4,3,7,土,12,12,LTR
4,3,8,土,12,12,LTR
4,3,9,土,12,12,LTR
4,3,10,圣,12,12,LTR
4,3,11,圣,12,12,LTR
4,3,12,圣,12,12,LTR
4,4,1,在,12,12,LTR
4,4,2,在,12,12,LTR
4,4,3,在,12,12,LTR
4,4,4,地,12,12,LTR
4,4,5,地,12,12,LTR
4,4,6,地,12,12,LTR
4,4,7,圳,12,12,LTR
4,4,8,圳,12,12,LTR
4,4,9,圳,12,12,LTR
4,4,10,场,12,12,LTR
4,4,11,场,12,12,LTR
4,4,12,场,12,12,LTR
4,5,1,均,12,12,LTR
4,5,2,均,12,12,LTR
4,5,3,均,12,12,LTR
4,5,4,块,12,12,LTR
4,5,5,块,12,12,LTR
4,5,6,块,12,12,LTR
4,5,7,坚,12,12,LTR
4,5,8,坚,12,12,LTR
4,5,9,坚,12,12,LTR
4,5,10,型,12,12,LTR
4,5,11,型,12,12,LTR
4,5,12,型,12,12,LTR
4,6,1,垠,12,12,LTR
4,6,2,垠,12,12,LTR
4,6,3,垠,12,12,LTR
4,6,4,垫,12,12,LTR
4,6,5,垫,12,12,LTR
4,6,6,垫,12,12,LTR
4,6,7,城,12,12,LTR
4,6,8,城,12,12,LTR
4,6,9,城,12,12,LTR
4,6,10,域,12,12,LTR
4,6,11,域,12,12,LTR
4,6,12,域,12,12,LTR
4,7,1,基,12,12,LTR
4,7,2,基,12,12,LTR
4,7,3,基,12,12,LTR
4,7,4,堆,12,12,LTR
4,7,5,堆,12,12,LTR
4,7,6,堆,12,12,LTR
4,7,7,塑,12,12,LTR
4,7,8,塑,12,12,LTR
4,7,9,塑,12,12,LTR
4,7,10,塔,12,12,LTR
4,7,11,塔,12,12,LTR
4,7,12,塔,12,12,LTR
4,8,1,塞,12,12,LTR
4,8,2,塞,12,12,LTR
4,8,3,塞,12,12,LTR
4,8,4,墨,12,12,LTR
4,8,5,墨,12,12,LTR
4,8,6,墨,12,12,LTR
4,8,7,壳,12,12,LTR
4,8,8,壳,12,12,LTR
4,8,9,壳,12,12,LTR
4,8,10,备,12,12,LTR
4,8,11,备,12,12,LTR
4,8,12,备,12,12,LTR
4,9,1,复,12,12,LTR
4,9,2,复,12,12,LTR
4,9,3,复,12,12,LTR
4,9,4,夏,12,12,LTR
4,9,5,夏,12,12,LTR
4,9,6,夏,12,12,LTR
4,9,7,外,12,12,LTR
4,9,8,外,12,12,LTR
4,9,9,外,12,12,LTR
4,9,10,多,12,12,LTR
4,9,11,多,12,12,LTR
4,9,12,多,12,12,LTR
4,10,1,大,12,12,LTR
4,10,2,大,12,12,LTR
4,10,3,大,12,12,LTR
4,10,4,天,12,12,LTR
4,10,5,天,12,12,LTR
4,10,6,天,12,12,LTR
4,10,7,头,12,12,LTR
4,10,8,头,12,12,LTR
4,10,9,头,12,12,LTR
4,10,10,夹,12,12,LTR
4,10,11,夹,12,12,LTR
4,10,12,夹,12,12,LTR
4,11,1,套,12,12,LTR
4,11,2,套,12,12,LTR
4,11,3,套,12,12,LTR
4,11,4,奥,12,12,LTR
4,11,5,奥,12,12,LTR
4,11,6,奥,12,12,LTR
4,11,7,如,12,12,LTR
4,11,8,如,12,12,LTR
4,11,9,如,12,12,LTR
4,11,10,妃,12,12,LTR
4,11,11,妃,12,12,LTR
4,11,12,妃,12,12,LTR
4,12,1,姆,12,12,LTR
4,12,2,姆,12,12,LTR
4,12,3,姆,12,12,LTR
4,12,4,威,12,12,LTR
4,12,5,威,12,12,LTR
4,12,6,威,12,12,LTR
4,12,7,子,12,12,LTR
4,12,8,子,12,12,LTR
4,12,9,子,12,12,LTR
4,12,10,孔,12,12,LTR
4,12,11,孔,12,12,LTR
4,12,12,孔,12,12,LTR
5,1,1,字,12,12,LTR
5,1,2,字,12,12,LTR
5,1,3,字,12,12,LTR
5,1,4,存,12,12,LTR
5,1,5,存,12,12,LTR
5,1,6,存,12,12,LTR
5,1,7,宇,12,12,LTR
5,1,8,宇,12,12,LTR
5,1,9,宇,12,12,LTR
5,1,10,安,12,12,LTR
5,1,11,安,12,12,LTR
5,1,12,安,12,12,LTR
5,2,1,宏,12,12,LTR
5,2,2,宏,12,12,LTR
5,2,3,宏,12,12,LTR
5,2,4,定,12,12,LTR
5,2,5,定,12,12,LTR
5,2,6,定,12,12,LTR
5,2,7,宝,12,12,LTR
5,2,8,宝,12,12,LTR
5,2,9,宝,12,12,LTR
5,2,10,实,12,12,LTR
5,2,11,实,12,12,LTR
5,2,12,实,12,12,LTR
5,3,1,容,12,12,LTR
5,3,2,容,12,12,LTR
5,3,3,容,12,12,LTR
5,3,4,宽,12,12,LTR
5,3,5,宽,12,12,LTR
5,3,6,宽,12,12,LTR
5,3,7,密,12,12,LTR
5,3,8,密,12,12,LTR
5,3,9,密,12,12,LTR
5,3,10,富,12,12,LTR
5,3,11,富,12,12,LTR
5,3,12,富,12,12,LTR
5,4,1,寸,12,12,LTR
5,4,2,寸,12,12,LTR
5,4,3,寸,12,12,LTR
5,4,4,对,12,12,LTR
5,4,5,对,12,12,LTR
5,4,6,对,12,12,LTR
5,4,7,导,12,12,LTR
5,4,8,导,12,12,LTR
5,4,9,导,12,12,LTR
5,4,10,小,12,12,LTR
5,4,11,小,12,12,LTR
5,4,12,小,12,12,LTR
5,5,1,尔,12,12,LTR
5,5,2,尔,12,12,LTR
5,5,3,尔,12,12,LTR
5,5,4,尚,12,12,LTR
5,5,5,尚,12,12,LTR
5,5,6,尚,12,12,LTR
5,5,7,尼,12,12,LTR
5,5,8,尼,12,12,LTR
5,5,9,尼,12,12,LTR
5,5,10,尾,12,12,LTR
5,5,11,尾,12,12,LTR
5,5,12,尾,12,12,LTR
5,6,1,层,12,12,LTR
5,6,2,层,12,12,LTR
5,6,3,层,12,12,LTR
5,6,4,屏,12,12,LTR
5,6,5,屏,12,12,LTR
5,6,6,屏,12,12,LTR
5,6,7,展,12,12,LTR
5,6,8,展,12,12,LTR
5,6,9,展,12,12,LTR
5,6,10,属,12,12,LTR
5,6,11,属,12,12,LTR
5,6,12,属,12,12,LTR
5,7,1,山,12,12,LTR
5,7,2,山,12,12,LTR
5,7,3,山,12,12,LTR
5,7,4,岗,12,12,LTR
5,7,5,岗,12,12,LTR
5,7,6,岗,12,12,LTR
5,7,7,岚,12,12,LTR
5,7,8,岚,12,12,LTR
5,7,9,岚,12,12,LTR
5,7,10,岛,12,12,LTR
5,7,11,岛,12,12,LTR
5,7,12,岛,12,12,LTR
5,8,1,岭,12,12,LTR
5,8,2,岭,12,12,LTR
5,8,3,岭,12,12,LTR
5,8,4,峰,12,12,LTR
5,8,5,峰,12,12,LTR
5,8,6,峰,12,12,LTR
5,8,7,川,12,12,LTR
5,8,8,川,12,12,LTR
5,8,9,川,12,12,LTR
5,8,10,州,12,12,LTR
5,8,11,州,12,12,LTR
5,8,12,州,12,12,LTR
5,9,1,工,12,12,LTR
5,9,2,工,12,12,LTR
5,9,3,工,12,12,LTR
5,9,4,左,12,12,LTR
5,9,5,左,12,12,LTR
5,9,6,左,12,12,LTR
5,9,7,巨,12,12,LTR
5,9,8,巨,12,12,LTR
5,9,9,巨,12,12,LTR
5,9,10,市,12,12,LTR
5,9,11,市,12,12,LTR
5,9,12,市,12,12,LTR
5,10,1,希,12,12,LTR
5,10,2,希,12,12,LTR
5,10,3,希,12,12,LTR
5,10,4,带,12,12,LTR
5,10,5,带,12,12,LTR
5,10,6,带,12,12,LTR
5,10,7,常,12,12,LTR
5,10,8,常,12,12,LTR
5,10,9,常,12,12,LTR
5,10,10,帽,12,12,LTR
5,10,11,帽,12,12,LTR
5,10,12,帽,12,12,LTR
5,11,1,平,12,12,LTR
5,11,2,平,12,12,LTR
5,11,3,平,12,12,LTR
5,11,4,年,12,12,LTR
5,11,5,年,12,12,LTR
5,11,6,年,12,12,LTR
5,11,7,并,12,12,LTR
5,11,8,并,12,12,LTR
5,11,9,并,12,12,LTR
5,11,10,广,12,12,LTR
5,11,11,广,12,12,LTR
5,11,12,广,12,12,LTR
5,12,1,庆,12,12,LTR
5,12,2,庆,12,12,LTR
5,12,3,庆,12,12,LTR
5,12,4,序,12,12,LTR
5,12,5,序,12,12,LTR
5,12,6,序,12,12,LTR
5,12,7,库,12,12,LTR
5,12,8,库,12,12,LTR
5,12,9,库,12,12,LTR
5,12,10,应,12,12,LTR
5,12,11,应,12,12,LTR
5,12,12,应,12,12,LTR
6,1,1,底,12,12,LTR
6,1,2,底,12,12,LTR
6,1,3,底,12,12,LTR
6,1,4,度,12,12,LTR
6,1,5,度,12,12,LTR
6,1,6,度,12,12,LTR
6,1,7,座,12,12,LTR
6,1,8,座,12,12,LTR
6,1,9,座,12,12,LTR
6,1,10,康,12,12,LTR
6,1,11,康,12,12,LTR
6,1,12,康,12,12,LTR
6,2,1,建,12,12,LTR
6,2,2,建,12,12,LTR
6,2,3,建,12,12,LTR
6,2,4,开,12,12,LTR
6,2,5,开,12,12,LTR
6,2,6,开,12,12,LTR
6,2,7,弋,12,12,LTR
6,2,8,弋,12,12,LTR
6,2,9,弋,12,12,LTR
6,2,10,式,12,12,LTR
6,2,11,式,12,12,LTR
6,2,12,式,12,12,LTR
6,3,1,引,12,12,LTR
6,3,2,引,12,12,LTR
6,3,3,引,12,12,LTR
6,3,4,张,12,12,LTR
6,3,5,张,12,12,LTR
6,3,6,张,12,12,LTR
6,3,7,弯,12,12,LTR
6,3,8,弯,12,12,LTR
6,3,9,弯,12,12,LTR
6,3,10,弹,12,12,LTR
6,3,11,弹,12,12,LTR
6,3,12,弹,12,12,LTR
6,4,1,强,12,12,LTR
6,4,2,强,12,12,LTR
6,4,3,强,12,12,LTR
6,4,4,录,12,12,LTR
6,4,5,录,12,12,LTR
6,4,6,录,12,12,LTR
6,4,7,形,12,12,LTR
6,4,8,形,12,12,LTR
6,4,9,形,12,12,LTR
6,4,10,彩,12,12,LTR
6,4,11,彩,12,12,LTR
6,4,12,彩,12,12,LTR
6,5,1,径,12,12,LTR
6,5,2,径,12,12,LTR
6,5,3,径,12,12,LTR
6,5,4,微,12,12,LTR
6,5,5,微,12,12,LTR
6,5,6,微,12,12,LTR
6,5,7,德,12,12,LTR
6,5,8,德,12,12,LTR
6,5,9,德,12,12,LTR
6,5,10,徽,12,12,LTR
6,5,11,徽,12,12,LTR
6,5,12,徽,12,12,LTR
6,6,1,心,12,12,LTR
6,6,2,心,12,12,LTR
6,6,3,心,12,12,LTR
6,6,4,必,12,12,LTR
6,6,5,必,12,12,LTR
6,6,6,必,12,12,LTR
6,6,7,志,12,12,LTR
6,6,8,志,12,12,LTR
6,6,9,志,12,12,LTR
6,6,10,态,12,12,LTR
6,6,11,态,12,12,LTR
6,6,12,态,12,12,LTR
6,7,1,思,12,12,LTR
6,7,2,思,12,12,LTR
6,7,3,思,12,12,LTR
6,7,4,怡,12,12,LTR
6,7,5,怡,12,12,LTR
6,7,6,怡,12,12,LTR
6,7,7,恒,12,12,LTR
6,7,8,恒,12,12,LTR
6,7,9,恒,12,12,LTR
6,7,10,恢,12,12,LTR
6,7,11,恢,12,12,LTR
6,7,12,恢,12,12,LTR
6,8,1,恩,12,12,LTR
6,8,2,恩,12,12,LTR
6,8,3,恩,12,12,LTR
6,8,4,惠,12,12,LTR
6,8,5,惠,12,12,LTR
6,8,6,惠,12,12,LTR
6,8,7,意,12,12,LTR
6,8,8,意,12,12,LTR
6,8,9,意,12,12,LTR
6,8,10,感,12,12,LTR
6,8,11,感,12,12,LTR
6,8,12,感,12,12,LTR
6,9,1,慈,12,12,LTR
6,9,2,慈,12,12,LTR
6,9,3,慈,12,12,LTR
6,9,4,慧,12,12,LTR
6,9,5,慧,12,12,LTR
6,9,6,慧,12,12,LTR
6,9,7,成,12,12,LTR
6,9,8,成,12,12,LTR
6,9,9,成,12,12,LTR
6,9,10,扁,12,12,LTR
6,9,11,扁,12,12,LTR
6,9,12,扁,12,12,LTR
6,10,1,扇,12,12,LTR
6,10,2,扇,12,12,LTR
6,10,3,扇,12,12,LTR
6,10,4,打,12,12,LTR
6,10,5,打,12,12,LTR
6,10,6,打,12,12,LTR
6,10,7,扣,12,12,LTR
6,10,8,扣,12,12,LTR
6,10,9,扣,12,12,LTR
6,10,10,扩,12,12,LTR
6,10,11,扩,12,12,LTR
6,10,12,扩,12,12,LTR
6,11,1,扫,12,12,LTR
6,11,2,扫,12,12,LTR
6,11,3,扫,12,12,LTR
6,11,4,扬,12,12,LTR
6,11,5,扬,12,12,LTR
6,11,6,扬,12,12,LTR
6,11,7,技,12,12,LTR
6,11,8,技,12,12,LTR
6,11,9,技,12,12,LTR
6,11,10,抗,12,12,LTR
6,11,11,抗,12,12,LTR
6,11,12,抗,12,12,LTR
6,12,1,护,12,12,LTR
6,12,2,护,12,12,LTR
6,12,3,护,12,12,LTR
6,12,4,报,12,12,LTR
6,12,5,报,12,12,LTR
6,12,6,报,12,12,LTR
6,12,7,抽,12,12,LTR
6,12,8,抽,12,12,LTR
6,12,9,抽,12,12,LTR
6,12,10,拉,12,12,LTR
6,12,11,拉,12,12,LTR
6,12,12,拉,12,12,LTR
7,1,1,拔,12,12,LTR
7,1,2,拔,12,12,LTR
7,1,3,拔,12,12,LTR
7,1,4,拨,12,12,LTR
7,1,5,拨,12,12,LTR
7,1,6,拨,12,12,LTR
7,1,7,括,12,12,LTR
7,1,8,括,12,12,LTR
7,1,9,括,12,12,LTR
7,1,10,拼,12,12,LTR
7,1,11,拼,12,12,LTR
7,1,12,拼,12,12,LTR
7,2,1,挂,12,12,LTR
7,2,2,挂,12,12,LTR
7,2,3,挂,12,12,LTR
7,2,4,指,12,12,LTR
7,2,5,指,12,12,LTR
7,2,6,指,12,12,LTR
7,2,7,按,12,12,LTR
7,2,8,按,12,12,LTR
7,2,9,按,12,12,LTR
7,2,10,挡,12,12,LTR
7,2,11,挡,12,12,LTR
7,2,12,挡,12,12,LTR
7,3,1,振,12,12,LTR
7,3,2,振,12,12,LTR
7,3,3,振,12,12,LTR
7,3,4,换,12,12,LTR
7,3,5,换,12,12,LTR
7,3,6,换,12,12,LTR
7,3,7,捷,12,12,LTR
7,3,8,捷,12,12,LTR
7,3,9,捷,12,12,LTR
7,3,10,掉,12,12,LTR
7,3,11,掉,12,12,LTR
7,3,12,掉,12,12,LTR
7,4,1,排,12,12,LTR
7,4,2,排,12,12,LTR
7,4,3,排,12,12,LTR
7,4,4,接,12,12,LTR
7,4,5,接,12,12,LTR
7,4,6,接,12,12,LTR
7,4,7,控,12,12,LTR
7,4,8,控,12,12,LTR
7,4,9,控,12,12,LTR
7,4,10,描,12,12,LTR
7,4,11,描,12,12,LTR
7,4,12,描,12,12,LTR
7,5,1,插,12,12,LTR
7,5,2,插,12,12,LTR
7,5,3,插,12,12,LTR
7,5,4,摸,12,12,LTR
7,5,5,摸,12,12,LTR
7,5,6,摸,12,12,LTR
7,5,7,撑,12,12,LTR
7,5,8,撑,12,12,LTR
7,5,9,撑,12,12,LTR
7,5,10,撞,12,12,LTR
7,5,11,撞,12,12,LTR
7,5,12,撞,12,12,LTR
7,6,1,操,12,12,LTR
7,6,2,操,12,12,LTR
7,6,3,操,12,12,LTR
7,6,4,支,12,12,LTR
7,6,5,支,12,12,LTR
7,6,6,支,12,12,LTR
7,6,7,收,12,12,LTR
7,6,8,收,12,12,LTR
7,6,9,收,12,12,LTR
7,6,10,攻,12,12,LTR
7,6,11,攻,12,12,LTR
7,6,12,攻,12,12,LTR
7,7,1,放,12,12,LTR
7,7,2,放,12,12,LTR
7,7,3,放,12,12,LTR
7,7,4,故,12,12,LTR
7,7,5,故,12,12,LTR
7,7,6,故,12,12,LTR
7,7,7,效,12,12,LTR
7,7,8,效,12,12,LTR
7,7,9,效,12,12,LTR
7,7,10,敏,12,12,LTR
7,7,11,敏,12,12,LTR
7,7,12,敏,12,12,LTR
7,8,1,散,12,12,LTR
7,8,2,散,12,12,LTR
7,8,3,散,12,12,LTR
7,8,4,数,12,12,LTR
7,8,5,数,12,12,LTR
7,8,6,数,12,12,LTR
7,8,7,整,12,12,LTR
7,8,8,整,12,12,LTR
7,8,9,整,12,12,LTR
7,8,10,文,12,12,LTR
7,8,11,文,12,12,LTR
7,8,12,文,12,12,LTR
7,9,1,料,12,12,LTR
7,9,2,料,12,12,LTR
7,9,3,料,12,12,LTR
7,9,4,断,12,12,LTR
7,9,5,断,12,12,LTR
7,9,6,断,12,12,LTR
7,9,7,斯,12,12,LTR
7,9,8,斯,12,12,LTR
7,9,9,斯,12,12,LTR
7,9,10,新,12,12,LTR
7,9,11,新,12,12,LTR
7,9,12,新,12,12,LTR
7,10,1,方,12,12,LTR
7,10,2,方,12,12,LTR
7,10,3,方,12,12,LTR
7,10,4,无,12,12,LTR
7,10,5,无,12,12,LTR
7,10,6,无,12,12,LTR
7,10,7,时,12,12,LTR
7,10,8,时,12,12,LTR
7,10,9,时,12,12,LTR
7,10,10,旺,12,12,LTR
7,10,11,旺,12,12,LTR
7,10,12,旺,12,12,LTR
7,11,1,昆,12,12,LTR
7,11,2,昆,12,12,LTR
7,11,3,昆,12,12,LTR
7,11,4,昊,12,12,LTR
7,11,5,昊,12,12,LTR
7,11,6,昊,12,12,LTR
7,11,7,昌,12,12,LTR
7,11,8,昌,12,12,LTR
7,11,9,昌,12,12,LTR
7,11,10,明,12,12,LTR
7,11,11,明,12,12,LTR
7,11,12,明,12,12,LTR
7,12,1,易,12,12,LTR
7,12,2,易,12,12,LTR
7,12,3,易,12,12,LTR
7,12,4,昕,12,12,LTR
7,12,5,昕,12,12,LTR
7,12,6,昕,12,12,LTR
7,12,7,星,12,12,LTR
7,12,8,星,12,12,LTR
7,12,9,星,12,12,LTR
7,12,10,显,12,12,LTR
7,12,11,显,12,12,LTR
7,12,12,显,12,12,LTR
8,1,1,晚,12,12,LTR
8,1,2,晚,12,12,LTR
8,1,3,晚,12,12,LTR
8,1,4,晟,12,12,LTR
8,1,5,晟,12,12,LTR
8,1,6,晟,12,12,LTR
8,1,7,普,12,12,LTR
8,1,8,普,12,12,LTR
8,1,9,普,12,12,LTR
8,1,10,晶,12,12,LTR
8,1,11,晶,12,12,LTR
8,1,12,晶,12,12,LTR
8,2,1,智,12,12,LTR
8,2,2,智,12,12,LTR
8,2,3,智,12,12,LTR
8,2,4,最,12,12,LTR
8,2,5,最,12,12,LTR
8,2,6,最,12,12,LTR
8,2,7,有,12,12,LTR
8,2,8,有,12,12,LTR
8,2,9,有,12,12,LTR
8,2,10,服,12,12,LTR
8,2,11,服,12,12,LTR
8,2,12,服,12,12,LTR
8,3,1,木,12,12,LTR
8,3,2,木,12,12,LTR
8,3,3,木,12,12,LTR
8,3,4,术,12,12,LTR
8,3,5,术,12,12,LTR
8,3,6,术,12,12,LTR
8,3,7,机,12,12,LTR
8,3,8,机,12,12,LTR
8,3,9,机,12,12,LTR
8,3,10,杆,12,12,LTR
8,3,11,杆,12,12,LTR
8,3,12,杆,12,12,LTR
8,4,1,李,12,12,LTR
8,4,2,李,12,12,LTR
8,4,3,李,12,12,LTR
8,4,4,材,12,12,LTR
8,4,5,材,12,12,LTR
8,4,6,材,12,12,LTR
8,4,7,条,12,12,LTR
8,4,8,条,12,12,LTR
8,4,9,条,12,12,LTR
8,4,10,杰,12,12,LTR
8,4,11,杰,12,12,LTR
8,4,12,杰,12,12,LTR
8,5,1,松,12,12,LTR
8,5,2,松,12,12,LTR
8,5,3,松,12,12,LTR
8,5,4,板,12,12,LTR
8,5,5,板,12,12,LTR
8,5,6,板,12,12,LTR
8,5,7,极,12,12,LTR
8,5,8,极,12,12,LTR
8,5,9,极,12,12,LTR
8,5,10,林,12,12,LTR
8,5,11,林,12,12,LTR
8,5,12,林,12,12,LTR
8,6,1,柏,12,12,LTR
8,6,2,柏,12,12,LTR
8,6,3,柏,12,12,LTR
8,6,4,柜,12,12,LTR
8,6,5,柜,12,12,LTR
8,6,6,柜,12,12,LTR
8,6,7,柯,12,12,LTR
8,6,8,柯,12,12,LTR
8,6,9,柯,12,12,LTR
8,6,10,柱,12,12,LTR
8,6,11,柱,12,12,LTR
8,6,12,柱,12,12,LTR
8,7,1,标,12,12,LTR
8,7,2,标,12,12,LTR
8,7,3,标,12,12,LTR
8,7,4,株,12,12,LTR
8,7,5,株,12,12,LTR
8,7,6,株,12,12,LTR
8,7,7,样,12,12,LTR
8,7,8,样,12,12,LTR
8,7,9,样,12,12,LTR
8,7,10,格,12,12,LTR
8,7,11,格,12,12,LTR
8,7,12,格,12,12,LTR
8,8,1,框,12,12,LTR
8,8,2,框,12,12,LTR
8,8,3,框,12,12,LTR
8,8,4,档,12,12,LTR
8,8,5,档,12,12,LTR
8,8,6,档,12,12,LTR
8,8,7,桥,12,12,LTR
8,8,8,桥,12,12,LTR
8,8,9,桥,12,12,LTR
8,8,10,桩,12,12,LTR
8,8,11,桩,12,12,LTR
8,8,12,桩,12,12,LTR
8,9,1,械,12,12,LTR
8,9,2,械,12,12,LTR
8,9,3,械,12,12,LTR
8,9,4,检,12,12,LTR
8,9,5,检,12,12,LTR
8,9,6,检,12,12,LTR
8,9,7,棉,12,12,LTR
8,9,8,棉,12,12,LTR
8,9,9,棉,12,12,LTR
8,9,10,棒,12,12,LTR
8,9,11,棒,12,12,LTR
8,9,12,棒,12,12,LTR
8,10,1,椭,12,12,LTR
8,10,2,椭,12,12,LTR
8,10,3,椭,12,12,LTR
8,10,4,楚,12,12,LTR
8,10,5,楚,12,12,LTR
8,10,6,楚,12,12,LTR
8,10,7,槽,12,12,LTR
8,10,8,槽,12,12,LTR
8,10,9,槽,12,12,LTR
8,10,10,模,12,12,LTR
8,10,11,模,12,12,LTR
8,10,12,模,12,12,LTR
8,11,1,樱,12,12,LTR
8,11,2,樱,12,12,LTR
8,11,3,樱,12,12,LTR
8,11,4,次,12,12,LTR
8,11,5,次,12,12,LTR
8,11,6,次,12,12,LTR
8,11,7,欣,12,12,LTR
8,11,8,欣,12,12,LTR
8,11,9,欣,12,12,LTR
8,11,10,欧,12,12,LTR
8,11,11,欧,12,12,LTR
8,11,12,欧,12,12,LTR
8,12,1,款,12,12,LTR
8,12,2,款,12,12,LTR
8,12,3,款,12,12,LTR
8,12,4,正,12,12,LTR
8,12,5,正,12,12,LTR
8,12,6,正,12,12,LTR
8,12,7,步,12,12,LTR
8,12,8,步,12,12,LTR
8,12,9,步,12,12,LTR
8,12,10,死,12,12,LTR
8,12,11,死,12,12,LTR
8,12,12,死,12,12,LTR
9,1,1,母,12,12,LTR
9,1,2,母,12,12,LTR
9,1,3,母,12,12,LTR
9,1,4,比,12,12,LTR
9,1,5,比,12,12,LTR
9,1,6,比,12,12,LTR
9,1,7,气,12,12,LTR
9,1,8,气,12,12,LTR
9,1,9,气,12,12,LTR
9,1,10,氟,12,12,LTR
9,1,11,氟,12,12,LTR
9,1,12,氟,12,12,LTR
9,2,1,氧,12,12,LTR
9,2,2,氧,12,12,LTR
9,2,3,氧,12,12,LTR
9,2,4,水,12,12,LTR
9,2,5,水,12,12,LTR
9,2,6,水,12,12,LTR
9,2,7,汇,12,12,LTR
9,2,8,汇,12,12,LTR
9,2,9,汇,12,12,LTR
9,2,10,江,12,12,LTR
9,2,11,江,12,12,LTR
9,2,12,江,12,12,LTR
9,3,1,池,12,12,LTR
9,3,2,池,12,12,LTR
9,3,3,池,12,12,LTR
9,3,4,沉,12,12,LTR
9,3,5,沉,12,12,LTR
9,3,6,沉,12,12,LTR
9,3,7,没,12,12,LTR
9,3,8,没,12,12,LTR
9,3,9,没,12,12,LTR
9,3,10,沪,12,12,LTR
9,3,11,沪,12,12,LTR
9,3,12,沪,12,12,LTR
9,4,1,治,12,12,LTR
9,4,2,治,12,12,LTR
9,4,3,治,12,12,LTR
9,4,4,泓,12,12,LTR
9,4,5,泓,12,12,LTR
9,4,6,泓,12,12,LTR
9,4,7,法,12,12,LTR
9,4,8,法,12,12,LTR
9,4,9,法,12,12,LTR
9,4,10,波,12,12,LTR
9,4,11,波,12,12,LTR
9,4,12,波,12,12,LTR
9,5,1,泥,12,12,LTR
9,5,2,泥,12,12,LTR
9,5,3,泥,12,12,LTR
9,5,4,泰,12,12,LTR
9,5,5,泰,12,12,LTR
9,5,6,泰,12,12,LTR
9,5,7,洁,12,12,LTR
9,5,8,洁,12,12,LTR
9,5,9,洁,12,12,LTR
9,5,10,洋,12,12,LTR
9,5,11,洋,12,12,LTR
9,5,12,洋,12,12,LTR
9,6,1,洲,12,12,LTR
9,6,2,洲,12,12,LTR
9,6,3,洲,12,12,LTR
9,6,4,流,12,12,LTR
9,6,5,流,12,12,LTR
9,6,6,流,12,12,LTR
9,6,7,测,12,12,LTR
9,6,8,测,12,12,LTR
9,6,9,测,12,12,LTR
9,6,10,浙,12,12,LTR
9,6,11,浙,12,12,LTR
9,6,12,浙,12,12,LTR
9,7,1,浦,12,12,LTR
9,7,2,浦,12,12,LTR
9,7,3,浦,12,12,LTR
9,7,4,浪,12,12,LTR
9,7,5,浪,12,12,LTR
9,7,6,浪,12,12,LTR
9,7,7,海,12,12,LTR
9,7,8,海,12,12,LTR
9,7,9,海,12,12,LTR
9,7,10,涂,12,12,LTR
9,7,11,涂,12,12,LTR
9,7,12,涂,12,12,LTR
9,8,1,涌,12,12,LTR
9,8,2,涌,12,12,LTR
9,8,3,涌,12,12,LTR
9,8,4,润,12,12,LTR
9,8,5,润,12,12,LTR
9,8,6,润,12,12,LTR
9,8,7,液,12,12,LTR
9,8,8,液,12,12,LTR
9,8,9,液,12,12,LTR
9,8,10,淄,12,12,LTR
9,8,11,淄,12,12,LTR
9,8,12,淄,12,12,LTR
9,9,1,淑,12,12,LTR
9,9,2,淑,12,12,LTR
9,9,3,淑,12,12,LTR
9,9,4,深,12,12,LTR
9,9,5,深,12,12,LTR
9,9,6,深,12,12,LTR
9,9,7,温,12,12,LTR
9,9,8,温,12,12,LTR
9,9,9,温,12,12,LTR
9,9,10,湃,12,12,LTR
9,9,11,湃,12,12,LTR
9,9,12,湃,12,12,LTR
9,10,1,湖,12,12,LTR
9,10,2,湖,12,12,LTR
9,10,3,湖,12,12,LTR
9,10,4,湾,12,12,LTR
9,10,5,湾,12,12,LTR
9,10,6,湾,12,12,LTR
9,10,7,源,12,12,LTR
9,10,8,源,12,12,LTR
9,10,9,源,12,12,LTR
9,10,10,溪,12,12,LTR
9,10,11,溪,12,12,LTR
9,10,12,溪,12,12,LTR
9,11,1,滑,12,12,LTR
9,11,2,滑,12,12,LTR
9,11,3,滑,12,12,LTR
9,11,4,滤,12,12,LTR
9,11,5,滤,12,12,LTR
9,11,6,滤,12,12,LTR
9,11,7,漏,12,12,LTR
9,11,8,漏,12,12,LTR
9,11,9,漏,12,12,LTR
9,11,10,潭,12,12,LTR
9,11,11,潭,12,12,LTR
9,11,12,潭,12,12,LTR
9,12,1,瀚,12,12,LTR
9,12,2,瀚,12,12,LTR
9,12,3,瀚,12,12,LTR
9,12,4,灯,12,12,LTR
9,12,5,灯,12,12,LTR
9,12,6,灯,12,12,LTR
9,12,7,灰,12,12,LTR
9,12,8,灰,12,12,LTR
9,12,9,灰,12,12,LTR
9,12,10,炫,12,12,LTR
9,12,11,炫,12,12,LTR
9,12,12,炫,12,12,LTR
10,1,1,点,12,12,LTR
10,1,2,点,12,12,LTR
10,1,3,点,12,12,LTR
10,1,4,热,12,12,LTR
10,1,5,热,12,12,LTR
10,1,6,热,12,12,LTR
10,1,7,焊,12,12,LTR
10,1,8,焊,12,12,LTR
10,1,9,焊,12,12,LTR
10,1,10,煜,12,12,LTR
10,1,11,煜,12,12,LTR
10,1,12,煜,12,12,LTR
10,2,1,熔,12,12,LTR
10,2,2,熔,12,12,LTR
10,2,3,熔,12,12,LTR
10,2,4,燃,12,12,LTR
10,2,5,燃,12,12,LTR
10,2,6,燃,12,12,LTR
10,2,7,燎,12,12,LTR
10,2,8,燎,12,12,LTR
10,2,9,燎,12,12,LTR
10,2,10,爱,12,12,LTR
10,2,11,爱,12,12,LTR
10,2,12,爱,12,12,LTR
10,3,1,片,12,12,LTR
10,3,2,片,12,12,LTR
10,3,3,片,12,12,LTR
10,3,4,版,12,12,LTR
10,3,5,版,12,12,LTR
10,3,6,版,12,12,LTR
10,3,7,牌,12,12,LTR
10,3,8,牌,12,12,LTR
10,3,9,牌,12,12,LTR
10,3,10,牙,12,12,LTR
10,3,11,牙,12,12,LTR
10,3,12,牙,12,12,LTR
10,4,1,牛,12,12,LTR
10,4,2,牛,12,12,LTR
10,4,3,牛,12,12,LTR
10,4,4,特,12,12,LTR
10,4,5,特,12,12,LTR
10,4,6,特,12,12,LTR
10,4,7,状,12,12,LTR
10,4,8,状,12,12,LTR
10,4,9,状,12,12,LTR
10,4,10,率,12,12,LTR
10,4,11,率,12,12,LTR
10,4,12,率,12,12,LTR
10,5,1,环,12,12,LTR
10,5,2,环,12,12,LTR
10,5,3,环,12,12,LTR
10,5,4,现,12,12,LTR
10,5,5,现,12,12,LTR
10,5,6,现,12,12,LTR
10,5,7,玲,12,12,LTR
10,5,8,玲,12,12,LTR
10,5,9,玲,12,12,LTR
10,5,10,玻,12,12,LTR
10,5,11,玻,12,12,LTR
10,5,12,玻,12,12,LTR
10,6,1,珍,12,12,LTR
10,6,2,珍,12,12,LTR
10,6,3,珍,12,12,LTR
10,6,4,珠,12,12,LTR
10,6,5,珠,12,12,LTR
10,6,6,珠,12,12,LTR
10,6,7,球,12,12,LTR
10,6,8,球,12,12,LTR
10,6,9,球,12,12,LTR
10,6,10,琴,12,12,LTR
10,6,11,琴,12,12,LTR
10,6,12,琴,12,12,LTR
10,7,1,瑞,12,12,LTR
10,7,2,瑞,12,12,LTR
10,7,3,瑞,12,12,LTR
10,7,4,璃,12,12,LTR
10,7,5,璃,12,12,LTR
10,7,6,璃,12,12,LTR
10,7,7,瓶,12,12,LTR
10,7,8,瓶,12,12,LTR
10,7,9,瓶,12,12,LTR
10,7,10,瓷,12,12,LTR
10,7,11,瓷,12,12,LTR
10,7,12,瓷,12,12,LTR
10,8,1,生,12,12,LTR
10,8,2,生,12,12,LTR
10,8,3,生,12,12,LTR
10,8,4,用,12,12,LTR
10,8,5,用,12,12,LTR
10,8,6,用,12,12,LTR
10,8,7,田,12,12,LTR
10,8,8,田,12,12,LTR
10,8,9,田,12,12,LTR
10,8,10,申,12,12,LTR
10,8,11,申,12,12,LTR
10,8,12,申,12,12,LTR
10,9,1,电,12,12,LTR
10,9,2,电,12,12,LTR
10,9,3,电,12,12,LTR
10,9,4,白,12,12,LTR
10,9,5,白,12,12,LTR
10,9,6,白,12,12,LTR
10,9,7,百,12,12,LTR
10,9,8,百,12,12,LTR
10,9,9,百,12,12,LTR
10,9,10,皇,12,12,LTR
10,9,11,皇,12,12,LTR
10,9,12,皇,12,12,LTR
10,10,1,盈,12,12,LTR
10,10,2,盈,12,12,LTR
10,10,3,盈,12,12,LTR
10,10,4,益,12,12,LTR
10,10,5,益,12,12,LTR
10,10,6,益,12,12,LTR
10,10,7,监,12,12,LTR
10,10,8,监,12,12,LTR
10,10,9,监,12,12,LTR
10,10,10,盘,12,12,LTR
10,10,11,盘,12,12,LTR
10,10,12,盘,12,12,LTR
10,11,1,盛,12,12,LTR
10,11,2,盛,12,12,LTR
10,11,3,盛,12,12,LTR
10,11,4,盟,12,12,LTR
10,11,5,盟,12,12,LTR
10,11,6,盟,12,12,LTR
10,11,7,直,12,12,LTR
10,11,8,直,12,12,LTR
10,11,9,直,12,12,LTR
10,11,10,相,12,12,LTR
10,11,11,相,12,12,LTR
10,11,12,相,12,12,LTR
10,12,1,睿,12,12,LTR
10,12,2,睿,12,12,LTR
10,12,3,睿,12,12,LTR
10,12,4,瞻,12,12,LTR
10,12,5,瞻,12,12,LTR
10,12,6,瞻,12,12,LTR
10,12,7,短,12,12,LTR
10,12,8,短,12,12,LTR
10,12,9,短,12,12,LTR
10,12,10,矽,12,12,LTR
10,12,11,矽,12,12,LTR
10,12,12,矽,12,12,LTR
11,1,1,码,12,12,LTR
11,1,2,码,12,12,LTR
11,1,3,码,12,12,LTR
11,1,4,砂,12,12,LTR
11,1,5,砂,12,12,LTR
11,1,6,砂,12,12,LTR
11,1,7,硅,12,12,LTR
11,1,8,硅,12,12,LTR
11,1,9,硅,12,12,LTR
11,1,10,碳,12,12,LTR
11,1,11,碳,12,12,LTR
11,1,12,碳,12,12,LTR
11,2,1,磁,12,12,LTR
11,2,2,磁,12,12,LTR
11,2,3,磁,12,12,LTR
11,2,4,磨,12,12,LTR
11,2,5,磨,12,12,LTR
11,2,6,磨,12,12,LTR
11,2,7,示,12,12,LTR
11,2,8,示,12,12,LTR
11,2,9,示,12,12,LTR
11,2,10,社,12,12,LTR
11,2,11,社,12,12,LTR
11,2,12,社,12,12,LTR
11,3,1,祥,12,12,LTR
11,3,2,祥,12,12,LTR
11,3,3,祥,12,12,LTR
11,3,4,禅,12,12,LTR
11,3,5,禅,12,12,LTR
11,3,6,禅,12,12,LTR
11,3,7,福,12,12,LTR
11,3,8,福,12,12,LTR
11,3,9,福,12,12,LTR
11,3,10,离,12,12,LTR
11,3,11,离,12,12,LTR
11,3,12,离,12,12,LTR
11,4,1,秀,12,12,LTR
11,4,2,秀,12,12,LTR
11,4,3,秀,12,12,LTR
11,4,4,科,12,12,LTR
11,4,5,科,12,12,LTR
11,4,6,科,12,12,LTR
11,4,7,秦,12,12,LTR
11,4,8,秦,12,12,LTR
11,4,9,秦,12,12,LTR
11,4,10,移,12,12,LTR
11,4,11,移,12,12,LTR
11,4,12,移,12,12,LTR
11,5,1,程,12,12,LTR
11,5,2,程,12,12,LTR
11,5,3,程,12,12,LTR
11,5,4,稳,12,12,LTR
11,5,5,稳,12,12,LTR
11,5,6,稳,12,12,LTR
11,5,7,空,12,12,LTR
11,5,8,空,12,12,LTR
11,5,9,空,12,12,LTR
11,5,10,窥,12,12,LTR
11,5,11,窥,12,12,LTR
11,5,12,窥,12,12,LTR
11,6,1,立,12,12,LTR
11,6,2,立,12,12,LTR
11,6,3,立,12,12,LTR
11,6,4,竞,12,12,LTR
11,6,5,竞,12,12,LTR
11,6,6,竞,12,12,LTR
11,6,7,端,12,12,LTR
11,6,8,端,12,12,LTR
11,6,9,端,12,12,LTR
11,6,10,符,12,12,LTR
11,6,11,符,12,12,LTR
11,6,12,符,12,12,LTR
11,7,1,筒,12,12,LTR
11,7,2,筒,12,12,LTR
11,7,3,筒,12,12,LTR
11,7,4,简,12,12,LTR
11,7,5,简,12,12,LTR
11,7,6,简,12,12,LTR
11,7,7,管,12,12,LTR
11,7,8,管,12,12,LTR
11,7,9,管,12,12,LTR
11,7,10,箱,12,12,LTR
11,7,11,箱,12,12,LTR
11,7,12,箱,12,12,LTR
11,8,1,簧,12,12,LTR
11,8,2,簧,12,12,LTR
11,8,3,簧,12,12,LTR
11,8,4,米,12,12,LTR
11,8,5,米,12,12,LTR
11,8,6,米,12,12,LTR
11,8,7,类,12,12,LTR
11,8,8,类,12,12,LTR
11,8,9,类,12,12,LTR
11,8,10,粒,12,12,LTR
11,8,11,粒,12,12,LTR
11,8,12,粒,12,12,LTR
11,9,1,精,12,12,LTR
11,9,2,精,12,12,LTR
11,9,3,精,12,12,LTR
11,9,4,系,12,12,LTR
11,9,5,系,12,12,LTR
11,9,6,系,12,12,LTR
11,9,7,紧,12,12,LTR
11,9,8,紧,12,12,LTR
11,9,9,紧,12,12,LTR
11,9,10,紫,12,12,LTR
11,9,11,紫,12,12,LTR
11,9,12,紫,12,12,LTR
11,10,1,红,12,12,LTR
11,10,2,红,12,12,LTR
11,10,3,红,12,12,LTR
11,10,4,纤,12,12,LTR
11,10,5,纤,12,12,LTR
11,10,6,纤,12,12,LTR
11,10,7,级,12,12,LTR
11,10,8,级,12,12,LTR
11,10,9,级,12,12,LTR
11,10,10,纬,12,12,LTR
11,10,11,纬,12,12,LTR
11,10,12,纬,12,12,LTR
11,11,1,纳,12,12,LTR
11,11,2,纳,12,12,LTR
11,11,3,纳,12,12,LTR
11,11,4,纸,12,12,LTR
11,11,5,纸,12,12,LTR
11,11,6,纸,12,12,LTR
11,11,7,纹,12,12,LTR
11,11,8,纹,12,12,LTR
11,11,9,纹,12,12,LTR
11,11,10,线,12,12,LTR
11,11,11,线,12,12,LTR
11,11,12,线,12,12,LTR
11,12,1,组,12,12,LTR
11,12,2,组,12,12,LTR
11,12,3,组,12,12,LTR
11,12,4,终,12,12,LTR
11,12,5,终,12,12,LTR
11,12,6,终,12,12,LTR
11,12,7,经,12,12,LTR
11,12,8,经,12,12,LTR
11,12,9,经,12,12,LTR
11,12,10,绕,12,12,LTR
11,12,11,绕,12,12,LTR
11,12,12,绕,12,12,LTR
12,1,1,络,12,12,LTR
12,1,2,络,12,12,LTR
12,1,3,络,12,12,LTR
12,1,4,绝,12,12,LTR
12,1,5,绝,12,12,LTR
12,1,6,绝,12,12,LTR
12,1,7,绞,12,12,LTR
12,1,8,绞,12,12,LTR
12,1,9,绞,12,12,LTR
12,1,10,统,12,12,LTR
12,1,11,统,12,12,LTR
12,1,12,统,12,12,LTR
12,2,1,继,12,12,LTR
12,2,2,继,12,12,LTR
12,2,3,继,12,12,LTR
12,2,4,维,12,12,LTR
12,2,5,维,12,12,LTR
12,2,6,维,12,12,LTR
12,2,7,绿,12,12,LTR
12,2,8,绿,12,12,LTR
12,2,9,绿,12,12,LTR
12,2,10,缆,12,12,LTR
12,2,11,缆,12,12,LTR
12,2,12,缆,12,12,LTR
12,3,1,缓,12,12,LTR
12,3,2,缓,12,12,LTR
12,3,3,缓,12,12,LTR
12,3,4,编,12,12,LTR
12,3,5,编,12,12,LTR
12,3,6,编,12,12,LTR
12,3,7,缘,12,12,LTR
12,3,8,缘,12,12,LTR
12,3,9,缘,12,12,LTR
12,3,10,缩,12,12,LTR
12,3,11,缩,12,12,LTR
12,3,12,缩,12,12,LTR
12,4,1,罩,12,12,LTR
12,4,2,罩,12,12,LTR
12,4,3,罩,12,12,LTR
12,4,4,置,12,12,LTR
12,4,5,置,12,12,LTR
12,4,6,置,12,12,LTR
12,4,7,美,12,12,LTR
12,4,8,美,12,12,LTR
12,4,9,美,12,12,LTR
12,4,10,翠,12,12,LTR
12,4,11,翠,12,12,LTR
12,4,12,翠,12,12,LTR
12,5,1,耀,12,12,LTR
12,5,2,耀,12,12,LTR
12,5,3,耀,12,12,LTR
12,5,4,耐,12,12,LTR
12,5,5,耐,12,12,LTR
12,5,6,耐,12,12,LTR
12,5,7,耦,12,12,LTR
12,5,8,耦,12,12,LTR
12,5,9,耦,12,12,LTR
12,5,10,耳,12,12,LTR
12,5,11,耳,12,12,LTR
12,5,12,耳,12,12,LTR
12,6,1,聆,12,12,LTR
12,6,2,聆,12,12,LTR
12,6,3,聆,12,12,LTR
12,6,4,联,12,12,LTR
12,6,5,联,12,12,LTR
12,6,6,联,12,12,LTR
12,6,7,肇,12,12,LTR
12,6,8,肇,12,12,LTR
12,6,9,肇,12,12,LTR
12,6,10,肖,12,12,LTR
12,6,11,肖,12,12,LTR
12,6,12,肖,12,12,LTR
12,7,1,股,12,12,LTR
12,7,2,股,12,12,LTR
12,7,3,股,12,12,LTR
12,7,4,胶,12,12,LTR
12,7,5,胶,12,12,LTR
12,7,6,胶,12,12,LTR
12,7,7,能,12,12,LTR
12,7,8,能,12,12,LTR
12,7,9,能,12,12,LTR
12,7,10,脉,12,12,LTR
12,7,11,脉,12,12,LTR
12,7,12,脉,12,12,LTR
12,8,1,脑,12,12,LTR
12,8,2,脑,12,12,LTR
12,8,3,脑,12,12,LTR
12,8,4,脚,12,12,LTR
12,8,5,脚,12,12,LTR
12,8,6,脚,12,12,LTR
12,8,7,膜,12,12,LTR
12,8,8,膜,12,12,LTR
12,8,9,膜,12,12,LTR
12,8,10,自,12,12,LTR
12,8,11,自,12,12,LTR
12,8,12,自,12,12,LTR
12,9,1,航,12,12,LTR
12,9,2,航,12,12,LTR
12,9,3,航,12,12,LTR
12,9,4,船,12,12,LTR
12,9,5,船,12,12,LTR
12,9,6,船,12,12,LTR
12,9,7,良,12,12,LTR
12,9,8,良,12,12,LTR
12,9,9,良,12,12,LTR
12,9,10,色,12,12,LTR
12,9,11,色,12,12,LTR
12,9,12,色,12,12,LTR
12,10,1,艾,12,12,LTR
12,10,2,艾,12,12,LTR
12,10,3,艾,12,12,LTR
12,10,4,节,12,12,LTR
12,10,5,节,12,12,LTR
12,10,6,节,12,12,LTR
12,10,7,芯,12,12,LTR
12,10,8,芯,12,12,LTR
12,10,9,芯,12,12,LTR
12,10,10,花,12,12,LTR
12,10,11,花,12,12,LTR
12,10,12,花,12,12,LTR
12,11,1,苏,12,12,LTR
12,11,2,苏,12,12,LTR
12,11,3,苏,12,12,LTR
12,11,4,英,12,12,LTR
12,11,5,英,12,12,LTR
12,11,6,英,12,12,LTR
12,11,7,茗,12,12,LTR
12,11,8,茗,12,12,LTR
12,11,9,茗,12,12,LTR
12,11,10,荣,12,12,LTR
12,11,11,荣,12,12,LTR
12,11,12,荣,12,12,LTR
12,12,1,莉,12,12,LTR
12,12,2,莉,12,12,LTR
12,12,3,莉,12,12,LTR
12,12,4,莞,12,12,LTR
12,12,5,莞,12,12,LTR
12,12,6,莞,12,12,LTR
12,12,7,莫,12,12,LTR
12,12,8,莫,12,12,LTR
12,12,9,莫,12,12,LTR
12,12,10,莱,12,12,LTR
12,12,11,莱,12,12,LTR
12,12,12,莱,12,12,LTR
13,1,1,菲,12,12,LTR
13,1,2,菲,12,12,LTR
13,1,3,菲,12,12,LTR
13,1,4,营,12,12,LTR
13,1,5,营,12,12,LTR
13,1,6,营,12,12,LTR
13,1,7,蓄,12,12,LTR
13,1,8,蓄,12,12,LTR
13,1,9,蓄,12,12,LTR
13,1,10,蓓,12,12,LTR
13,1,11,蓓,12,12,LTR
13,1,12,蓓,12,12,LTR
13,2,1,蓝,12,12,LTR
13,2,2,蓝,12,12,LTR
13,2,3,蓝,12,12,LTR
13,2,4,蔽,12,12,LTR
13,2,5,蔽,12,12,LTR
13,2,6,蔽,12,12,LTR
13,2,7,薄,12,12,LTR
13,2,8,薄,12,12,LTR
13,2,9,薄,12,12,LTR
13,2,10,虹,12,12,LTR
13,2,11,虹,12,12,LTR
13,2,12,虹,12,12,LTR
13,3,1,蜂,12,12,LTR
13,3,2,蜂,12,12,LTR
13,3,3,蜂,12,12,LTR
13,3,4,螺,12,12,LTR
13,3,5,螺,12,12,LTR
13,3,6,螺,12,12,LTR
13,3,7,行,12,12,LTR
13,3,8,行,12,12,LTR
13,3,9,行,12,12,LTR
13,3,10,表,12,12,LTR
13,3,11,表,12,12,LTR
13,3,12,表,12,12,LTR
13,4,1,袋,12,12,LTR
13,4,2,袋,12,12,LTR
13,4,3,袋,12,12,LTR
13,4,4,装,12,12,LTR
13,4,5,装,12,12,LTR
13,4,6,装,12,12,LTR
13,4,7,西,12,12,LTR
13,4,8,西,12,12,LTR
13,4,9,西,12,12,LTR
13,4,10,规,12,12,LTR
13,4,11,规,12,12,LTR
13,4,12,规,12,12,LTR
13,5,1,角,12,12,LTR
13,5,2,角,12,12,LTR
13,5,3,角,12,12,LTR
13,5,4,解,12,12,LTR
13,5,5,解,12,12,LTR
13,5,6,解,12,12,LTR
13,5,7,触,12,12,LTR
13,5,8,触,12,12,LTR
13,5,9,触,12,12,LTR
13,5,10,言,12,12,LTR
13,5,11,言,12,12,LTR
13,5,12,言,12,12,LTR
13,6,1,誉,12,12,LTR
13,6,2,誉,12,12,LTR
13,6,3,誉,12,12,LTR
13,6,4,警,12,12,LTR
13,6,5,警,12,12,LTR
13,6,6,警,12,12,LTR
13,6,7,讯,12,12,LTR
13,6,8,讯,12,12,LTR
13,6,9,讯,12,12,LTR
13,6,10,记,12,12,LTR
13,6,11,记,12,12,LTR
13,6,12,记,12,12,LTR
13,7,1,设,12,12,LTR
13,7,2,设,12,12,LTR
13,7,3,设,12,12,LTR
13,7,4,证,12,12,LTR
13,7,5,证,12,12,LTR
13,7,6,证,12,12,LTR
13,7,7,识,12,12,LTR
13,7,8,识,12,12,LTR
13,7,9,识,12,12,LTR
13,7,10,试,12,12,LTR
13,7,11,试,12,12,LTR
13,7,12,试,12,12,LTR
13,8,1,语,12,12,LTR
13,8,2,语,12,12,LTR
13,8,3,语,12,12,LTR
13,8,4,说,12,12,LTR
13,8,5,说,12,12,LTR
13,8,6,说,12,12,LTR
13,8,7,调,12,12,LTR
13,8,8,调,12,12,LTR
13,8,9,调,12,12,LTR
13,8,10,贝,12,12,LTR
13,8,11,贝,12,12,LTR
13,8,12,贝,12,12,LTR
13,9,1,负,12,12,LTR
13,9,2,负,12,12,LTR
13,9,3,负,12,12,LTR
13,9,4,财,12,12,LTR
13,9,5,财,12,12,LTR
13,9,6,财,12,12,LTR
13,9,7,责,12,12,LTR
13,9,8,责,12,12,LTR
13,9,9,责,12,12,LTR
13,9,10,质,12,12,LTR
13,9,11,质,12,12,LTR
13,9,12,质,12,12,LTR
13,10,1,购,12,12,LTR
13,10,2,购,12,12,LTR
13,10,3,购,12,12,LTR
13,10,4,贴,12,12,LTR
13,10,5,贴,12,12,LTR
13,10,6,贴,12,12,LTR
13,10,7,贸,12,12,LTR
13,10,8,贸,12,12,LTR
13,10,9,贸,12,12,LTR
13,10,10,赛,12,12,LTR
13,10,11,赛,12,12,LTR
13,10,12,赛,12,12,LTR
13,11,1,超,12,12,LTR
13,11,2,超,12,12,LTR
13,11,3,超,12,12,LTR
13,11,4,距,12,12,LTR
13,11,5,距,12,12,LTR
13,11,6,距,12,12,LTR
13,11,7,路,12,12,LTR
13,11,8,路,12,12,LTR
13,11,9,路,12,12,LTR
13,11,10,跳,12,12,LTR
13,11,11,跳,12,12,LTR
13,11,12,跳,12,12,LTR
13,12,1,车,12,12,LTR
13,12,2,车,12,12,LTR
13,12,3,车,12,12,LTR
13,12,4,轨,12,12,LTR
13,12,5,轨,12,12,LTR
13,12,6,轨,12,12,LTR
13,12,7,转,12,12,LTR
13,12,8,转,12,12,LTR
13,12,9,转,12,12,LTR
13,12,10,软,12,12,LTR
13,12,11,软,12,12,LTR
13,12,12,软,12,12,LTR
14,1,1,轻,12,12,LTR
14,1,2,轻,12,12,LTR
14,1,3,轻,12,12,LTR
14,1,4,载,12,12,LTR
14,1,5,载,12,12,LTR
14,1,6,载,12,12,LTR
14,1,7,较,12,12,LTR
14,1,8,较,12,12,LTR
14,1,9,较,12,12,LTR
14,1,10,辅,12,12,LTR
14,1,11,辅,12,12,LTR
14,1,12,辅,12,12,LTR
14,2,1,输,12,12,LTR
14,2,2,输,12,12,LTR
14,2,3,输,12,12,LTR
14,2,4,边,12,12,LTR
14,2,5,边,12,12,LTR
14,2,6,边,12,12,LTR
14,2,7,达,12,12,LTR
14,2,8,达,12,12,LTR
14,2,9,达,12,12,LTR
14,2,10,迅,12,12,LTR
14,2,11,迅,12,12,LTR
14,2,12,迅,12,12,LTR
14,3,1,过,12,12,LTR
14,3,2,过,12,12,LTR
14,3,3,过,12,12,LTR
14,3,4,运,12,12,LTR
14,3,5,运,12,12,LTR
14,3,6,运,12,12,LTR
14,3,7,进,12,12,LTR
14,3,8,进,12,12,LTR
14,3,9,进,12,12,LTR
14,3,10,远,12,12,LTR
14,3,11,远,12,12,LTR
14,3,12,远,12,12,LTR
14,4,1,连,12,12,LTR
14,4,2,连,12,12,LTR
14,4,3,连,12,12,LTR
14,4,4,迪,12,12,LTR
14,4,5,迪,12,12,LTR
14,4,6,迪,12,12,LTR
14,4,7,通,12,12,LTR
14,4,8,通,12,12,LTR
14,4,9,通,12,12,LTR
14,4,10,速,12,12,LTR
14,4,11,速,12,12,LTR
14,4,12,速,12,12,LTR
14,5,1,造,12,12,LTR
14,5,2,造,12,12,LTR
14,5,3,造,12,12,LTR
14,5,4,道,12,12,LTR
14,5,5,道,12,12,LTR
14,5,6,道,12,12,LTR
14,5,7,邦,12,12,LTR
14,5,8,邦,12,12,LTR
14,5,9,邦,12,12,LTR
14,5,10,郁,12,12,LTR
14,5,11,郁,12,12,LTR
14,5,12,郁,12,12,LTR
14,6,1,部,12,12,LTR
14,6,2,部,12,12,LTR
14,6,3,部,12,12,LTR
14,6,4,配,12,12,LTR
14,6,5,配,12,12,LTR
14,6,6,配,12,12,LTR
14,6,7,酷,12,12,LTR
14,6,8,酷,12,12,LTR
14,6,9,酷,12,12,LTR
14,6,10,酸,12,12,LTR
14,6,11,酸,12,12,LTR
14,6,12,酸,12,12,LTR
14,7,1,采,12,12,LTR
14,7,2,采,12,12,LTR
14,7,3,采,12,12,LTR
14,7,4,量,12,12,LTR
14,7,5,量,12,12,LTR
14,7,6,量,12,12,LTR
14,7,7,金,12,12,LTR
14,7,8,金,12,12,LTR
14,7,9,金,12,12,LTR
14,7,10,鑫,12,12,LTR
14,7,11,鑫,12,12,LTR
14,7,12,鑫,12,12,LTR
14,8,1,针,12,12,LTR
14,8,2,针,12,12,LTR
14,8,3,针,12,12,LTR
14,8,4,钉,12,12,LTR
14,8,5,钉,12,12,LTR
14,8,6,钉,12,12,LTR
14,8,7,钜,12,12,LTR
14,8,8,钜,12,12,LTR
14,8,9,钜,12,12,LTR
14,8,10,钢,12,12,LTR
14,8,11,钢,12,12,LTR
14,8,12,钢,12,12,LTR
14,9,1,钩,12,12,LTR
14,9,2,钩,12,12,LTR
14,9,3,钩,12,12,LTR
14,9,4,钮,12,12,LTR
14,9,5,钮,12,12,LTR
14,9,6,钮,12,12,LTR
14,9,7,钽,12,12,LTR
14,9,8,钽,12,12,LTR
14,9,9,钽,12,12,LTR
14,9,10,铁,12,12,LTR
14,9,11,铁,12,12,LTR
14,9,12,铁,12,12,LTR
14,10,1,铅,12,12,LTR
14,10,2,铅,12,12,LTR
14,10,3,铅,12,12,LTR
14,10,4,铆,12,12,LTR
14,10,5,铆,12,12,LTR
14,10,6,铆,12,12,LTR
14,10,7,铜,12,12,LTR
14,10,8,铜,12,12,LTR
14,10,9,铜,12,12,LTR
14,10,10,铝,12,12,LTR
14,10,11,铝,12,12,LTR
14,10,12,铝,12,12,LTR
14,11,1,铬,12,12,LTR
14,11,2,铬,12,12,LTR
14,11,3,铬,12,12,LTR
14,11,4,铭,12,12,LTR
14,11,5,铭,12,12,LTR
14,11,6,铭,12,12,LTR
14,11,7,银,12,12,LTR
14,11,8,银,12,12,LTR
14,11,9,银,12,12,LTR
14,11,10,链,12,12,LTR
14,11,11,链,12,12,LTR
14,11,12,链,12,12,LTR
14,12,1,销,12,12,LTR
14,12,2,销,12,12,LTR
14,12,3,销,12,12,LTR
14,12,4,锁,12,12,LTR
14,12,5,锁,12,12,LTR
14,12,6,锁,12,12,LTR
14,12,7,锂,12,12,LTR
14,12,8,锂,12,12,LTR
14,12,9,锂,12,12,LTR
14,12,10,锈,12,12,LTR
14,12,11,锈,12,12,LTR
14,12,12,锈,12,12,LTR
15,1,1,锋,12,12,LTR
15,1,2,锋,12,12,LTR
15,1,3,锋,12,12,LTR
15,1,4,锌,12,12,LTR
15,1,5,锌,12,12,LTR
15,1,6,锌,12,12,LTR
15,1,7,锐,12,12,LTR
15,1,8,锐,12,12,LTR
15,1,9,锐,12,12,LTR
15,1,10,错,12,12,LTR
15,1,11,错,12,12,LTR
15,1,12,错,12,12,LTR
15,2,1,锡,12,12,LTR
15,2,2,锡,12,12,LTR
15,2,3,锡,12,12,LTR
15,2,4,锦,12,12,LTR
15,2,5,锦,12,12,LTR
15,2,6,锦,12,12,LTR
15,2,7,键,12,12,LTR
15,2,8,键,12,12,LTR
15,2,9,键,12,12,LTR
15,2,10,锯,12,12,LTR
15,2,11,锯,12,12,LTR
15,2,12,锯,12,12,LTR
15,3,1,镀,12,12,LTR
15,3,2,镀,12,12,LTR
15,3,3,镀,12,12,LTR
15,3,4,镍,12,12,LTR
15,3,5,镍,12,12,LTR
15,3,6,镍,12,12,LTR
15,3,7,长,12,12,LTR
15,3,8,长,12,12,LTR
15,3,9,长,12,12,LTR
15,3,10,门,12,12,LTR
15,3,11,门,12,12,LTR
15,3,12,门,12,12,LTR
15,4,1,间,12,12,LTR
15,4,2,间,12,12,LTR
15,4,3,间,12,12,LTR
15,4,4,闸,12,12,LTR
15,4,5,闸,12,12,LTR
15,4,6,闸,12,12,LTR
15,4,7,防,12,12,LTR
15,4,8,防,12,12,LTR
15,4,9,防,12,12,LTR
15,4,10,阳,12,12,LTR
15,4,11,阳,12,12,LTR
15,4,12,阳,12,12,LTR
15,5,1,阴,12,12,LTR
15,5,2,阴,12,12,LTR
15,5,3,阴,12,12,LTR
15,5,4,阻,12,12,LTR
15,5,5,阻,12,12,LTR
15,5,6,阻,12,12,LTR
15,5,7,陆,12,12,LTR
15,5,8,陆,12,12,LTR
15,5,9,陆,12,12,LTR
15,5,10,陈,12,12,LTR
15,5,11,陈,12,12,LTR
15,5,12,陈,12,12,LTR
15,6,1,限,12,12,LTR
15,6,2,限,12,12,LTR
15,6,3,限,12,12,LTR
15,6,4,险,12,12,LTR
15,6,5,险,12,12,LTR
15,6,6,险,12,12,LTR
15,6,7,陶,12,12,LTR
15,6,8,陶,12,12,LTR
15,6,9,陶,12,12,LTR
15,6,10,隆,12,12,LTR
15,6,11,隆,12,12,LTR
15,6,12,隆,12,12,LTR
15,7,1,隔,12,12,LTR
15,7,2,隔,12,12,LTR
15,7,3,隔,12,12,LTR
15,7,4,障,12,12,LTR
15,7,5,障,12,12,LTR
15,7,6,障,12,12,LTR
15,7,7,集,12,12,LTR
15,7,8,集,12,12,LTR
15,7,9,集,12,12,LTR
15,7,10,雷,12,12,LTR
15,7,11,雷,12,12,LTR
15,7,12,雷,12,12,LTR
15,8,1,雾,12,12,LTR
15,8,2,雾,12,12,LTR
15,8,3,雾,12,12,LTR
15,8,4,霍,12,12,LTR
15,8,5,霍,12,12,LTR
15,8,6,霍,12,12,LTR
15,8,7,非,12,12,LTR
15,8,8,非,12,12,LTR
15,8,9,非,12,12,LTR
15,8,10,面,12,12,LTR
15,8,11,面,12,12,LTR
15,8,12,面,12,12,LTR
15,9,1,韵,12,12,LTR
15,9,2,韵,12,12,LTR
15,9,3,韵,12,12,LTR
15,9,4,页,12,12,LTR
15,9,5,页,12,12,LTR
15,9,6,页,12,12,LTR
15,9,7,顶,12,12,LTR
15,9,8,顶,12,12,LTR
15,9,9,顶,12,12,LTR
15,9,10,顺,12,12,LTR
15,9,11,顺,12,12,LTR
15,9,12,顺,12,12,LTR
15,10,1,顿,12,12,LTR
15,10,2,顿,12,12,LTR
15,10,3,顿,12,12,LTR
15,10,4,频,12,12,LTR
15,10,5,频,12,12,LTR
15,10,6,频,12,12,LTR
15,10,7,风,12,12,LTR
15,10,8,风,12,12,LTR
15,10,9,风,12,12,LTR
15,10,10,飞,12,12,LTR
15,10,11,飞,12,12,LTR
15,10,12,飞,12,12,LTR
15,11,1,馈,12,12,LTR
15,11,2,馈,12,12,LTR
15,11,3,馈,12,12,LTR
15,11,4,驰,12,12,LTR
15,11,5,驰,12,12,LTR
15,11,6,驰,12,12,LTR
15,11,7,驱,12,12,LTR
15,11,8,驱,12,12,LTR
15,11,9,驱,12,12,LTR
15,11,10,验,12,12,LTR
15,11,11,验,12,12,LTR
15,11,12,验,12,12,LTR
15,12,1,高,12,12,LTR
15,12,2,高,12,12,LTR
15,12,3,高,12,12,LTR
15,12,4,鱼,12,12,LTR
15,12,5,鱼,12,12,LTR
15,12,6,鱼,12,12,LTR
15,12,7,鸣,12,12,LTR
15,12,8,鸣,12,12,LTR
15,12,9,鸣,12,12,LTR
15,12,10,鸽,12,12,LTR
15,12,11,鸽,12,12,LTR
15,12,12,鸽,12,12,LTR
16,1,1,鸿,12,12,LTR
16,1,2,鸿,12,12,LTR
16,1,3,鸿,12,12,LTR
16,1,4,鹏,12,12,LTR
16,1,5,鹏,12,12,LTR
16,1,6,鹏,12,12,LTR
16,1,7,麦,12,12,LTR
16,1,8,麦,12,12,LTR
16,1,9,麦,12,12,LTR
16,1,10,黄,12,12,LTR
16,1,11,黄,12,12,LTR
16,1,12,黄,12,12,LTR
16,2,1,黑,12,12,LTR
16,2,2,黑,12,12,LTR
16,2,3,黑,12,12,LTR
16,2,4,鼎,12,12,LTR
16,2,5,鼎,12,12,LTR
16,2,6,鼎,12,12,LTR
16,2,7,齐,12,12,LTR
16,2,8,齐,12,12,LTR
16,2,9,齐,12,12,LTR
16,2,10,齿,12,12,LTR
16,2,11,齿,12,12,LTR
16,2,12,齿,12,12,LTR
16,3,1,龙,12,12,LTR
16,3,2,龙,12,12,LTR
16,3,3,龙,12,12,LTR
16,3,4,A,12,12,LTR
16,3,5,A,12,12,LTR
16,3,6,A,12,12,LTR
16,3,7,B,12,12,LTR
16,3,8,B,12,12,LTR
16,3,9,B,12,12,LTR
16,3,10,C,12,12,LTR
16,3,11,C,12,12,LTR
16,3,12,C,12,12,LTR
16,4,1,D,12,12,LTR
16,4,2,D,12,12,LTR
16,4,3,D,12,12,LTR
16,4,4,E,12,12,LTR
16,4,5,E,12,12,LTR
16,4,6,E,12,12,LTR
16,4,7,F,12,12,LTR
16,4,8,F,12,12,LTR
16,4,9,F,12,12,LTR
16,4,10,G,12,12,LTR
16,4,11,G,12,12,LTR
16,4,12,G,12,12,LTR
16,5,1,H,12,12,LTR
16,5,2,H,12,12,LTR
16,5,3,H,12,12,LTR
16,5,4,I,12,12,LTR
16,5,5,I,12,12,LTR
16,5,6,I,12,12,LTR
16,5,7,J,12,12,LTR
16,5,8,J,12,12,LTR
16,5,9,J,12,12,LTR
16,5,10,K,12,12,LTR
16,5,11,K,12,12,LTR
16,5,12,K,12,12,LTR
16,6,1,L,12,12,LTR
16,6,2,L,12,12,LTR
16,6,3,L,12,12,LTR
16,6,4,M,12,12,LTR
16,6,5,M,12,12,LTR
16,6,6,M,12,12,LTR
16,6,7,N,12,12,LTR
16,6,8,N,12,12,LTR
16,6,9,N,12,12,LTR
16,6,10,O,12,12,LTR
16,6,11,O,12,12,LTR
16,6,12,O,12,12,LTR
16,7,1,P,12,12,LTR
16,7,2,P,12,12,LTR
16,7,3,P,12,12,LTR
16,7,4,Q,12,12,LTR
16,7,5,Q,12,12,LTR
16,7,6,Q,12,12,LTR
16,7,7,R,12,12,LTR
16,7,8,R,12,12,LTR
16,7,9,R,12,12,LTR
16,7,10,S,12,12,LTR
16,7,11,S,12,12,LTR
16,7,12,S,12,12,LTR
16,8,1,T,12,12,LTR
16,8,2,T,12,12,LTR
16,8,3,T,12,12,LTR
16,8,4,U,12,12,LTR
16,8,5,U,12,12,LTR
16,8,6,U,12,12,LTR
16,8,7,V,12,12,LTR
16,8,8,V,12,12,LTR
16,8,9,V,12,12,LTR
16,8,10,W,12,12,LTR
16,8,11,W,12,12,LTR
16,8,12,W,12,12,LTR
16,9,1,X,12,12,LTR
16,9,2,X,12,12,LTR
16,9,3,X,12,12,LTR
16,9,4,Y,12,12,LTR
16,9,5,Y,12,12,LTR
16,9,6,Y,12,12,LTR
16,9,7,Z,12,12,LTR
16,9,8,Z,12,12,LTR
16,9,9,Z,12,12,LTR
16,9,10,a,12,12,LTR
16,9,11,a,12,12,LTR
16,9,12,a,12,12,LTR
16,10,1,b,12,12,LTR
16,10,2,b,12,12,LTR
16,10,3,b,12,12,LTR
16,10,4,c,12,12,LTR
16,10,5,c,12,12,LTR
16,10,6,c,12,12,LTR
16,10,7,d,12,12,LTR
16,10,8,d,12,12,LTR
16,10,9,d,12,12,LTR
16,10,10,e,12,12,LTR
16,10,11,e,12,12,LTR
16,10,12,e,12,12,LTR
16,11,1,f,12,12,LTR
16,11,2,f,12,12,LTR
16,11,3,f,12,12,LTR
16,11,4,g,12,12,LTR
16,11,5,g,12,12,LTR
16,11,6,g,12,12,LTR
16,11,7,h,12,12,LTR
16,11,8,h,12,12,LTR
16,11,9,h,12,12,LTR
16,11,10,i,12,12,LTR
16,11,11,i,12,12,LTR
16,11,12,i,12,12,LTR
16,12,1,j,12,12,LTR
16,12,2,j,12,12,LTR
16,12,3,j,12,12,LTR
16,12,4,k,12,12,LTR
16,12,5,k,12,12,LTR
16,12,6,k,12,12,LTR
16,12,7,l,12,12,LTR
16,12,8,l,12,12,LTR
16,12,9,l,12,12,LTR
16,12,10,m,12,12,LTR
16,12,11,m,12,12,LTR
16,12,12,m,12,12,LTR
17,1,1,n,12,12,LTR
17,1,2,n,12,12,LTR
17,1,3,n,12,12,LTR
17,1,4,o,12,12,LTR
17,1,5,o,12,12,LTR
17,1,6,o,12,12,LTR
17,1,7,p,12,12,LTR
17,1,8,p,12,12,LTR
17,1,9,p,12,12,LTR
17,1,10,r,12,12,LTR
17,1,11,r,12,12,LTR
17,1,12,r,12,12,LTR
17,2,1,s,12,12,LTR
17,2,2,s,12,12,LTR
17,2,3,s,12,12,LTR
17,2,4,t,12,12,LTR
17,2,5,t,12,12,LTR
17,2,6,t,12,12,LTR
17,2,7,u,12,12,LTR
17,2,8,u,12,12,LTR
17,2,9,u,12,12,LTR
17,2,10,v,12,12,LTR
17,2,11,v,12,12,LTR
17,2,12,v,12,12,LTR
17,3,1,w,12,12,LTR
17,3,2,w,12,12,LTR
17,3,3,w,12,12,LTR
17,3,4,x,12,12,LTR
17,3,5,x,12,12,LTR
17,3,6,x,12,12,LTR
17,3,7,y,12,12,LTR
17,3,8,y,12,12,LTR
17,3,9,y,12,12,LTR
17,3,10,z,12,12,LTR
17,3,11,z,12,12,LTR
17,3,12,z,12,12,LTR
17,4,1,Δ,12,12,LTR
17,4,2,Δ,12,12,LTR
17,4,3,Δ,12,12,LTR
17,4,4,Φ,12,12,LTR
17,4,5,Φ,12,12,LTR
17,4,6,Φ,12,12,LTR
17,4,7,Ω,12,12,LTR
17,4,8,Ω,12,12,LTR
17,4,9,Ω,12,12,LTR
17,4,10,μ,12,12,LTR
17,4,11,μ,12,12,LTR
17,4,12,μ,12,12,LTR
17,5,1,π,12,12,LTR
17,5,2,π,12,12,LTR
17,5,3,π,12,12,LTR
17,5,4,φ,12,12,LTR
17,5,5,φ,12,12,LTR
17,5,6,φ,12,12,LTR
17,5,7,0,12,12,LTR
17,5,8,0,12,12,LTR
17,5,9,0,12,12,LTR
17,5,10,1,12,12,LTR
17,5,11,1,12,12,LTR
17,5,12,1,12,12,LTR
17,6,1,2,12,12,LTR
17,6,2,2,12,12,LTR
17,6,3,2,12,12,LTR
17,6,4,3,12,12,LTR
17,6,5,3,12,12,LTR
17,6,6,3,12,12,LTR
17,6,7,4,12,12,LTR
17,6,8,4,12,12,LTR
17,6,9,4,12,12,LTR
17,6,10,5,12,12,LTR
17,6,11,5,12,12,LTR
17,6,12,5,12,12,LTR
17,7,1,6,12,12,LTR
17,7,2,6,12,12,LTR
17,7,3,6,12,12,LTR
17,7,4,7,12,12,LTR
17,7,5,7,12,12,LTR
17,7,6,7,12,12,LTR
17,7,7,8,12,12,LTR
17,7,8,8,12,12,LTR
17,7,9,8,12,12,LTR
17,7,10,9,12,12,LTR
17,7,11,9,12,12,LTR
17,7,12,9,12,12,LTR
17,8,1,QUOTE,12,12,LTR
17,8,2,QUOTE,12,12,LTR
17,8,3,QUOTE,12,12,LTR
17,8,4,#,12,12,LTR
17,8,5,#,12,12,LTR
17,8,6,#,12,12,LTR
17,8,7,%,12,12,LTR
17,8,8,%,12,12,LTR
17,8,9,%,12,12,LTR
17,8,10,(,12,12,LTR
17,8,11,(,12,12,LTR
17,8,12,(,12,12,LTR
17,9,1,),12,12,LTR
17,9,2,),12,12,LTR
17,9,3,),12,12,LTR
17,9,4,STAR,12,12,LTR
17,9,5,STAR,12,12,LTR
17,9,6,STAR,12,12,LTR
17,9,7,+,12,12,LTR
17,9,8,+,12,12,LTR
17,9,9,+,12,12,LTR
17,9,10,COMMA,12,12,LTR
17,9,11,COMMA,12,12,LTR
17,9,12,COMMA,12,12,LTR
17,10,1,-,12,12,LTR
17,10,2,-,12,12,LTR
17,10,3,-,12,12,LTR
17,10,4,.,12,12,LTR
17,10,5,.,12,12,LTR
17,10,6,.,12,12,LTR
17,10,7,SLASH,12,12,LTR
17,10,8,SLASH,12,12,LTR
17,10,9,SLASH,12,12,LTR
17,10,10,COLON,12,12,LTR
17,10,11,COLON,12,12,LTR
17,10,12,COLON,12,12,LTR
17,11,1,=,12,12,LTR
17,11,2,=,12,12,LTR
17,11,3,=,12,12,LTR
17,11,4,[,12,12,LTR
17,11,5,[,12,12,LTR
17,11,6,[,12,12,LTR
17,11,7,BACKSLASH,12,12,LTR
17,11,8,BACKSLASH,12,12,LTR
17,11,9,BACKSLASH,12,12,LTR
17,11,10,],12,12,LTR
17,11,11,],12,12,LTR
17,11,12,],12,12,LTR
17,12,1,_,12,12,LTR
17,12,2,_,12,12,LTR
17,12,3,_,12,12,LTR
17,12,4,~,12,12,LTR
17,12,5,~,12,12,LTR
17,12,6,~,12,12,LTR
17,12,7,±,12,12,LTR
17,12,8,±,12,12,LTR
17,12,9,±,12,12,LTR
17,12,10,×,12,12,LTR
17,12,11,×,12,12,LTR
17,12,12,×,12,12,LTR
18,1,1,—,3,12,LTR
18,1,2,—,3,12,LTR
18,1,3,—,3,12,LTR
18,1,4,℃,3,12,LTR
18,1,5,℃,3,12,LTR
18,1,6,℃,3,12,LTR
18,1,7,Ⅰ,3,12,LTR
18,1,8,Ⅰ,3,12,LTR
18,1,9,Ⅰ,3,12,LTR
18,1,10,Ⅱ,3,12,LTR
18,1,11,Ⅱ,3,12,LTR
18,1,12,Ⅱ,3,12,LTR
18,2,1,∮,3,12,LTR
18,2,2,∮,3,12,LTR
18,2,3,∮,3,12,LTR
18,2,4,、,3,12,LTR
18,2,5,、,3,12,LTR
18,2,6,、,3,12,LTR
18,2,7,（,3,12,LTR
18,2,8,（,3,12,LTR
18,2,9,（,3,12,LTR
18,2,10,）,3,12,LTR
18,2,11,）,3,12,LTR
18,2,12,）,3,12,LTR
18,3,1,，,3,12,LTR
18,3,2,，,3,12,LTR
18,3,3,，,3,12,LTR
18,3,4,－,3,12,LTR
18,3,5,－,3,12,LTR
18,3,6,－,3,12,LTR
18,3,7,：,3,12,LTR
18,3,8,：,3,12,LTR
18,3,9,：,3,12,LTR
18,3,10,￠,3,12,LTR
18,3,11,￠,3,12,LTR
18,3,12,￠,3,12,LTR
